Bread First Search
Time Limit is  3600  seconds.
MEMORY OUT
Sub optimal solution found.
Total Run Time:  210.7193741798401
Frontier Length:  1202132
Node Visited:  1347089
7
array([[2, 2, 1, 1, 1, 2, 2],
       [2, 2, 0, 1, 1, 2, 2],
       [1, 1, 0, 0, 0, 1, 1],
       [1, 1, 1, 1, 0, 0, 1],
       [0, 0, 1, 1, 1, 1, 1],
       [2, 2, 1, 1, 1, 2, 2],
       [2, 2, 1, 1, 1, 2, 2]])
6
array([[2, 2, 1, 1, 1, 2, 2],
       [2, 2, 0, 1, 1, 2, 2],
       [1, 1, 0, 0, 0, 1, 1],
       [1, 1, 1, 1, 0, 0, 1],
       [1, 1, 0, 1, 1, 1, 1],
       [2, 2, 1, 1, 1, 2, 2],
       [2, 2, 1, 1, 1, 2, 2]])
5
array([[2, 2, 1, 1, 1, 2, 2],
       [2, 2, 1, 1, 1, 2, 2],
       [1, 1, 1, 0, 0, 1, 1],
       [1, 1, 0, 1, 0, 0, 1],
       [1, 1, 0, 1, 1, 1, 1],
       [2, 2, 1, 1, 1, 2, 2],
       [2, 2, 1, 1, 1, 2, 2]])
4
array([[2, 2, 1, 1, 1, 2, 2],
       [2, 2, 1, 1, 1, 2, 2],
       [1, 1, 0, 0, 0, 1, 1],
       [1, 1, 1, 1, 0, 0, 1],
       [1, 1, 1, 1, 1, 1, 1],
       [2, 2, 1, 1, 1, 2, 2],
       [2, 2, 1, 1, 1, 2, 2]])
3
array([[2, 2, 1, 1, 1, 2, 2],
       [2, 2, 1, 1, 0, 2, 2],
       [1, 1, 0, 0, 1, 1, 1],
       [1, 1, 1, 1, 1, 0, 1],
       [1, 1, 1, 1, 1, 1, 1],
       [2, 2, 1, 1, 1, 2, 2],
       [2, 2, 1, 1, 1, 2, 2]])
2
array([[2, 2, 1, 1, 1, 2, 2],
       [2, 2, 1, 1, 0, 2, 2],
       [1, 1, 1, 1, 0, 1, 1],
       [1, 1, 1, 1, 1, 0, 1],
       [1, 1, 1, 1, 1, 1, 1],
       [2, 2, 1, 1, 1, 2, 2],
       [2, 2, 1, 1, 1, 2, 2]])
1
array([[2, 2, 1, 1, 1, 2, 2],
       [2, 2, 1, 1, 1, 2, 2],
       [1, 1, 1, 1, 1, 1, 1],
       [1, 1, 1, 1, 0, 0, 1],
       [1, 1, 1, 1, 1, 1, 1],
       [2, 2, 1, 1, 1, 2, 2],
       [2, 2, 1, 1, 1, 2, 2]])
0
array([[2, 2, 1, 1, 1, 2, 2],
       [2, 2, 1, 1, 1, 2, 2],
       [1, 1, 1, 1, 1, 1, 1],
       [1, 1, 1, 0, 1, 1, 1],
       [1, 1, 1, 1, 1, 1, 1],
       [2, 2, 1, 1, 1, 2, 2],
       [2, 2, 1, 1, 1, 2, 2]])
