Depth First Search with Random Selection
Time Limit is  3600  seconds.
TIME IS OUT
Sub optimal solution found.
Total Run Time:  3600.5181605815887
Frontier Length:  121
Node Visited:  30013209
25
array([[2, 2, 0, 1, 0, 2, 2],
       [2, 2, 0, 0, 0, 2, 2],
       [1, 1, 0, 0, 1, 0, 0],
       [0, 0, 0, 0, 0, 0, 0],
       [0, 0, 0, 0, 1, 0, 0],
       [2, 2, 1, 0, 0, 2, 2],
       [2, 2, 0, 0, 1, 2, 2]])
24
array([[2, 2, 0, 1, 1, 2, 2],
       [2, 2, 0, 0, 1, 2, 2],
       [1, 1, 0, 0, 0, 0, 0],
       [0, 0, 0, 0, 0, 0, 0],
       [0, 0, 0, 0, 1, 0, 0],
       [2, 2, 1, 0, 0, 2, 2],
       [2, 2, 0, 0, 1, 2, 2]])
23
array([[2, 2, 0, 1, 1, 2, 2],
       [2, 2, 0, 0, 0, 2, 2],
       [1, 1, 0, 0, 1, 0, 0],
       [0, 0, 0, 0, 1, 0, 0],
       [0, 0, 0, 0, 1, 0, 0],
       [2, 2, 1, 0, 0, 2, 2],
       [2, 2, 0, 0, 1, 2, 2]])
22
array([[2, 2, 0, 1, 1, 2, 2],
       [2, 2, 0, 0, 0, 2, 2],
       [0, 1, 0, 0, 1, 0, 0],
       [1, 0, 0, 0, 1, 0, 0],
       [1, 0, 0, 0, 1, 0, 0],
       [2, 2, 1, 0, 0, 2, 2],
       [2, 2, 0, 0, 1, 2, 2]])
21
array([[2, 2, 0, 1, 1, 2, 2],
       [2, 2, 0, 0, 0, 2, 2],
       [0, 0, 1, 1, 1, 0, 0],
       [1, 0, 0, 0, 1, 0, 0],
       [1, 0, 0, 0, 1, 0, 0],
       [2, 2, 1, 0, 0, 2, 2],
       [2, 2, 0, 0, 1, 2, 2]])
20
array([[2, 2, 0, 1, 1, 2, 2],
       [2, 2, 0, 0, 0, 2, 2],
       [0, 0, 1, 1, 1, 0, 0],
       [1, 0, 0, 0, 1, 0, 0],
       [1, 0, 0, 0, 0, 1, 1],
       [2, 2, 1, 0, 0, 2, 2],
       [2, 2, 0, 0, 1, 2, 2]])
19
array([[2, 2, 1, 1, 1, 2, 2],
       [2, 2, 1, 0, 0, 2, 2],
       [0, 0, 0, 1, 1, 0, 0],
       [1, 0, 0, 0, 1, 0, 0],
       [1, 0, 0, 0, 0, 1, 1],
       [2, 2, 1, 0, 0, 2, 2],
       [2, 2, 0, 0, 1, 2, 2]])
18
array([[2, 2, 1, 1, 1, 2, 2],
       [2, 2, 0, 0, 0, 2, 2],
       [0, 0, 1, 1, 1, 0, 0],
       [1, 0, 1, 0, 1, 0, 0],
       [1, 0, 0, 0, 0, 1, 1],
       [2, 2, 1, 0, 0, 2, 2],
       [2, 2, 0, 0, 1, 2, 2]])
17
array([[2, 2, 1, 1, 1, 2, 2],
       [2, 2, 0, 0, 0, 2, 2],
       [1, 1, 0, 1, 1, 0, 0],
       [1, 0, 1, 0, 1, 0, 0],
       [1, 0, 0, 0, 0, 1, 1],
       [2, 2, 1, 0, 0, 2, 2],
       [2, 2, 0, 0, 1, 2, 2]])
16
array([[2, 2, 1, 1, 1, 2, 2],
       [2, 2, 1, 0, 0, 2, 2],
       [1, 1, 1, 1, 1, 0, 0],
       [1, 0, 0, 0, 1, 0, 0],
       [1, 0, 0, 0, 0, 1, 1],
       [2, 2, 1, 0, 0, 2, 2],
       [2, 2, 0, 0, 1, 2, 2]])
15
array([[2, 2, 1, 1, 1, 2, 2],
       [2, 2, 1, 0, 0, 2, 2],
       [1, 1, 1, 1, 1, 0, 0],
       [1, 0, 0, 0, 1, 0, 0],
       [1, 0, 0, 1, 1, 0, 1],
       [2, 2, 1, 0, 0, 2, 2],
       [2, 2, 0, 0, 1, 2, 2]])
14
array([[2, 2, 1, 1, 1, 2, 2],
       [2, 2, 1, 0, 0, 2, 2],
       [1, 1, 1, 1, 1, 0, 0],
       [1, 0, 0, 0, 0, 1, 1],
       [1, 0, 0, 1, 1, 0, 1],
       [2, 2, 1, 0, 0, 2, 2],
       [2, 2, 0, 0, 1, 2, 2]])
13
array([[2, 2, 1, 1, 1, 2, 2],
       [2, 2, 0, 1, 1, 2, 2],
       [1, 1, 1, 1, 1, 0, 0],
       [1, 0, 0, 0, 0, 1, 1],
       [1, 0, 0, 1, 1, 0, 1],
       [2, 2, 1, 0, 0, 2, 2],
       [2, 2, 0, 0, 1, 2, 2]])
12
array([[2, 2, 1, 1, 1, 2, 2],
       [2, 2, 0, 1, 1, 2, 2],
       [1, 1, 1, 1, 1, 0, 0],
       [1, 0, 0, 0, 0, 1, 1],
       [1, 1, 1, 0, 1, 0, 1],
       [2, 2, 1, 0, 0, 2, 2],
       [2, 2, 0, 0, 1, 2, 2]])
11
array([[2, 2, 1, 1, 1, 2, 2],
       [2, 2, 0, 1, 1, 2, 2],
       [1, 1, 1, 1, 1, 0, 0],
       [1, 0, 0, 0, 0, 1, 1],
       [1, 1, 1, 0, 1, 0, 1],
       [2, 2, 1, 0, 0, 2, 2],
       [2, 2, 1, 1, 0, 2, 2]])
10
array([[2, 2, 1, 1, 1, 2, 2],
       [2, 2, 0, 1, 1, 2, 2],
       [1, 1, 1, 1, 0, 1, 1],
       [1, 0, 0, 0, 0, 1, 1],
       [1, 1, 1, 0, 1, 0, 1],
       [2, 2, 1, 0, 0, 2, 2],
       [2, 2, 1, 1, 0, 2, 2]])
9
array([[2, 2, 1, 1, 1, 2, 2],
       [2, 2, 0, 1, 1, 2, 2],
       [1, 1, 1, 1, 0, 1, 1],
       [1, 0, 0, 1, 1, 0, 1],
       [1, 1, 1, 0, 1, 0, 1],
       [2, 2, 1, 0, 0, 2, 2],
       [2, 2, 1, 1, 0, 2, 2]])
8
array([[2, 2, 1, 1, 1, 2, 2],
       [2, 2, 0, 1, 1, 2, 2],
       [1, 1, 1, 1, 0, 1, 1],
       [1, 1, 1, 0, 1, 0, 1],
       [1, 1, 1, 0, 1, 0, 1],
       [2, 2, 1, 0, 0, 2, 2],
       [2, 2, 1, 1, 0, 2, 2]])
7
array([[2, 2, 1, 1, 1, 2, 2],
       [2, 2, 0, 1, 1, 2, 2],
       [1, 1, 1, 0, 0, 1, 1],
       [1, 1, 1, 1, 1, 0, 1],
       [1, 1, 1, 1, 1, 0, 1],
       [2, 2, 1, 0, 0, 2, 2],
       [2, 2, 1, 1, 0, 2, 2]])
6
array([[2, 2, 1, 1, 1, 2, 2],
       [2, 2, 0, 1, 1, 2, 2],
       [1, 1, 0, 1, 1, 1, 1],
       [1, 1, 1, 1, 1, 0, 1],
       [1, 1, 1, 1, 1, 0, 1],
       [2, 2, 1, 0, 0, 2, 2],
       [2, 2, 1, 1, 0, 2, 2]])
5
array([[2, 2, 1, 1, 1, 2, 2],
       [2, 2, 1, 1, 1, 2, 2],
       [1, 1, 1, 1, 1, 1, 1],
       [1, 1, 0, 1, 1, 0, 1],
       [1, 1, 1, 1, 1, 0, 1],
       [2, 2, 1, 0, 0, 2, 2],
       [2, 2, 1, 1, 0, 2, 2]])
4
array([[2, 2, 1, 1, 1, 2, 2],
       [2, 2, 1, 1, 1, 2, 2],
       [1, 1, 1, 1, 1, 1, 1],
       [1, 1, 0, 1, 1, 0, 1],
       [1, 1, 1, 1, 0, 0, 1],
       [2, 2, 1, 0, 1, 2, 2],
       [2, 2, 1, 1, 1, 2, 2]])
3
array([[2, 2, 1, 1, 1, 2, 2],
       [2, 2, 1, 1, 1, 2, 2],
       [1, 1, 1, 1, 1, 1, 1],
       [1, 1, 0, 1, 1, 0, 1],
       [1, 1, 1, 0, 1, 1, 1],
       [2, 2, 1, 0, 1, 2, 2],
       [2, 2, 1, 1, 1, 2, 2]])
2
array([[2, 2, 1, 1, 1, 2, 2],
       [2, 2, 1, 1, 1, 2, 2],
       [1, 1, 1, 1, 1, 1, 1],
       [1, 1, 0, 0, 1, 0, 1],
       [1, 1, 1, 1, 1, 1, 1],
       [2, 2, 1, 1, 1, 2, 2],
       [2, 2, 1, 1, 1, 2, 2]])
1
array([[2, 2, 1, 1, 1, 2, 2],
       [2, 2, 1, 1, 1, 2, 2],
       [1, 1, 1, 1, 1, 1, 1],
       [1, 1, 1, 1, 0, 0, 1],
       [1, 1, 1, 1, 1, 1, 1],
       [2, 2, 1, 1, 1, 2, 2],
       [2, 2, 1, 1, 1, 2, 2]])
0
array([[2, 2, 1, 1, 1, 2, 2],
       [2, 2, 1, 1, 1, 2, 2],
       [1, 1, 1, 1, 1, 1, 1],
       [1, 1, 1, 0, 1, 1, 1],
       [1, 1, 1, 1, 1, 1, 1],
       [2, 2, 1, 1, 1, 2, 2],
       [2, 2, 1, 1, 1, 2, 2]])
